acc = 0.5328947368421053
eval_loss = 2.2699905147677972
f1 = 0.5328947368421053
mcc = 0.39979176848226416
